<?xml version="1.0" encoding="UTF-8" standalone="no" ?>
<SimscapeMultibodyImportXML version="2.0" xmlns="urn:mathworks:SimscapeMultibody:import" xmlns:xsi="http://www.w3.org/2001/XMLSchema-instance">
<Created by="" on="12/13/22||18:46:12" using="Simscape Multibody Link Version 7.4" from="SolidWorks 30.1.0"/>
<ModelUnits mass="kilogram" length="millimeter"/>
<DataUnits mass="kilogram" length="meter"/>
<RootAssembly name="Esamblaje Cohete2.0" uid="Esamblaje Cohete2.0" version="302">
<AssemblyFile name="Esamblaje Cohete2.0.SLDASM" type="SolidWorks Assembly"/>
<InstanceTree>
<Instance name="13 INCH PROPELLER-3" uid="13 INCH PROPELLER-3" entityUid="13 INCH PROPELLER*:*Default">
<Transform>
<Rotation>-0.84496932474819864 -9.418377258678067e-16 0.53481477189263738 -8.1242762503332701e-16 1 4.7747616101351224e-16 -0.53481477189263738 0 -0.84496932474819864</Rotation>
<Translation>-0.22925126265848544 0.029350000000056702 -0.00013776657199064972</Translation>
</Transform>
</Instance>
<Instance name="13 INCH PROPELLER-4" uid="13 INCH PROPELLER-4" entityUid="13 INCH PROPELLER*:*Default">
<Transform>
<Rotation>0.92160392328485097 0 0.38813168974714052 0 1 0 -0.38813168974714052 0 0.92160392328485097</Rotation>
<Translation>0.0002184272178922253 0.029350000000056668 -0.22966807669564829</Translation>
</Transform>
</Instance>
<Instance name="Batería-1" uid="Batería-1" entityUid="Batería*:*Predeterminado">
<Transform>
<Rotation>0.33985067800168073 0 0.94047940788823126 0 1 0 -0.94047940788823126 0 0.33985067800168073</Rotation>
<Translation>-0.00060088935347502384 0.0050000000000000044 0.0021831218240852962</Translation>
</Transform>
</Instance>
<Instance name="Driver-3" uid="Driver-3" entityUid="Driver*:*Predeterminado">
<Transform>
<Rotation>-3.4914813388431334e-15 0 1 0 1 0 -1 0 -3.4914813388431334e-15</Rotation>
<Translation>-0.18725126265847081 -0.013399999999999962 0.00091242574295293314</Translation>
</Transform>
</Instance>
<Instance name="Driver-4" uid="Driver-4" entityUid="Driver*:*Predeterminado">
<Transform>
<Rotation>1 0 0 0 1 0 0 0 1</Rotation>
<Translation>0.00013434416496072894 -0.018400000000000007 -0.18766807669563537</Translation>
</Transform>
</Instance>
<Instance name="Base pila2.0-1" uid="Base pila2.0-1" entityUid="Base pila2.0*:*Predeterminado">
<Transform>
<Rotation>0.33985067800168073 0 0.94047940788823126 0 1 0 -0.94047940788823126 0 0.33985067800168073</Rotation>
<Translation>0.00024873734152917881 0 -0.00016807669563527475</Translation>
</Transform>
</Instance>
<Instance name="Assembly-1" uid="Assembly-1" entityUid="Assembly" rigid="true">
<Transform>
<Rotation>-0.92160392328485097 0 -0.38813168974714096 -1.1465390465219144e-16 1 2.1427207832912552e-16 0.38813168974714096 2.4197480178728364e-16 -0.92160392328485097</Rotation>
<Translation>0.011013498400047006 -0.0064568358154045184 -0.20415810414981378</Translation>
</Transform>
<Instance name="Magnet-7" uid="Magnet-7" entityUid="Magnet*:*Default">
<Transform>
<Rotation>-0.46028303917675661 -2.4124446719358694e-16 0.8877722252054342 0 -1 -2.4041770945786583e-16 0.8877722252054342 0 0.46028303917675661</Rotation>
<Translation>-0.011338127584264723 0.012056835815461135 0.021796870022558118</Translation>
</Transform>
</Instance>
<Instance name="Magnet-9" uid="Magnet-9" entityUid="Magnet*:*Default">
<Transform>
<Rotation>-0.9810700558215586 -1.8443956803723594e-16 0.19365315791456766 1.2368898829622108e-16 -1 -3.2579900097876948e-16 0.19365315791456766 -2.9567888089402825e-16 0.9810700558215586</Rotation>
<Translation>-0.0024360505462593385 0.012056835815461136 0.015117776534088523</Translation>
</Transform>
</Instance>
<Instance name="Magnet-4" uid="Magnet-4" entityUid="Magnet*:*Default">
<Transform>
<Rotation>0.76309131025068522 0 0.64629068709048632 1.3150767744490639e-16 -1 -1.0526400126535067e-16 0.64629068709048632 1.6531823186134895e-16 -0.76309131025068522</Rotation>
<Translation>-0.0082411268579405117 0.012056835815461136 0.037486646053965095</Translation>
</Transform>
</Instance>
<Instance name="Magnet-6" uid="Magnet-6" entityUid="Magnet*:*Default">
<Transform>
<Rotation>-0.029510756164917273 -1.8770897312282127e-16 0.9995644627889565 0 -1 -1.8595006262281342e-16 0.9995644627889565 0 0.029510756164917273</Rotation>
<Translation>-0.012771863031273381 0.012056835815461136 0.02732152455218495</Translation>
</Transform>
</Instance>
<Instance name="Magnet-10" uid="Magnet-10" entityUid="Magnet*:*Default">
<Transform>
<Rotation>-0.96793653377440803 0 -0.25119487770411364 1.7636131695559166e-16 -1 -3.3980183374608418e-16 -0.25119487770411364 -3.7320766857076876e-16 0.96793653377440803</Rotation>
<Translation>0.0032691255105502387 0.012056835815461136 0.015286213954343236</Translation>
</Transform>
</Instance>
<Instance name="Magnet-12" uid="Magnet-12" entityUid="Magnet*:*Default">
<Transform>
<Rotation>-0.40710649403105065 1.5996067198132811e-16 -0.91338069966347901 2.7368156197741984e-16 -1 -2.9711402185187669e-16 -0.91338069966347901 -3.7093250432751194e-16 0.40710649403105065</Rotation>
<Translation>0.011761658677179113 0.012056835815461136 0.022478859214051794</Translation>
</Transform>
</Instance>
<Instance name="Magnet-2" uid="Magnet-2" entityUid="Magnet*:*Default">
<Transform>
<Rotation>0.98107005582155715 2.5432573103232233e-16 -0.19365315791457433 2.3771173586561456e-16 -1 -1.0902928351170371e-16 -0.19365315791457433 0 -0.98107005582155715</Rotation>
<Translation>0.0025311529542493966 0.012056835815461135 0.04028222346591151</Translation>
</Transform>
</Instance>
<Instance name="Magnet-5" uid="Magnet-5" entityUid="Magnet*:*Default">
<Transform>
<Rotation>0.40710649403105675 0 0.91338069966347635 0 -1 -1.3771426263859551e-16 0.91338069966347635 1.361853603707663e-16 -0.40710649403105675</Rotation>
<Translation>-0.01166655626918911 0.012056835815461133 0.032921140785948322</Translation>
</Transform>
</Instance>
<Instance name="Magnet-11" uid="Magnet-11" entityUid="Magnet*:*Default">
<Transform>
<Rotation>-0.76309131025068089 0 -0.64629068709049142 2.2989304671692925e-16 -1 -3.2956428322512187e-16 -0.64629068709049142 -4.0006537581809545e-16 0.76309131025068089</Rotation>
<Translation>0.008336229265930542 0.012056835815461136 0.017913353946035049</Translation>
</Transform>
</Instance>
<Instance name="Magnet-13" uid="Magnet-13" entityUid="Magnet*:*Default">
<Transform>
<Rotation>0.029510756164924712 2.5759513611790773e-16 -0.99956446278895617 2.9905401025882612e-16 -1 -2.4887822186765855e-16 -0.99956446278895617 -2.9157917658894991e-16 -0.029510756164924712</Rotation>
<Translation>0.012866965439263356 0.012056835815461133 0.028078475447815193</Translation>
</Transform>
</Instance>
<Instance name="Magnet-8" uid="Magnet-8" entityUid="Magnet*:*Default">
<Transform>
<Rotation>-0.79989062127861643 -2.4007763002807559e-16 0.60014581060814631 0 -1 -2.9032921768621877e-16 0.60014581060814631 -1.828345400154354e-16 0.79989062127861643</Rotation>
<Translation>-0.0076493188170545096 0.012056835815461138 0.017441402782101795</Translation>
</Transform>
</Instance>
<Instance name="Magnet-14" uid="Magnet-14" entityUid="Magnet*:*Default">
<Transform>
<Rotation>0.46028303917676278 3.1113063018867248e-16 -0.88777222520543098 3.009850670063579e-16 -1 -1.9441057503260641e-16 -0.88777222520543098 -1.7772229236572997e-16 -0.46028303917676278</Rotation>
<Translation>0.011433229992254643 0.012056835815461135 0.033603129977441998</Translation>
</Transform>
</Instance>
<Instance name="Magnet-3" uid="Magnet-3" entityUid="Magnet*:*Default">
<Transform>
<Rotation>0.9679365337744098 1.55236244749491e-16 0.2511948777041072 1.850394072062441e-16 -1 0 0.2511948777041072 1.3846052461402144e-16 -0.9679365337744098</Rotation>
<Translation>-0.0031740231025601945 0.012056835815461135 0.040113786045656824</Translation>
</Transform>
</Instance>
<Instance name="Electrical Windings-1" visible="false" uid="Electrical Windings-1" entityUid="Electrical Windings*:*Default">
<Transform>
<Rotation>0.99999969197709659 0 -0.00078488579545510329 0 -1 1.1734613607305525e-16 -0.00078488579545510329 -1.1737359874828814e-16 -0.99999969197709659</Rotation>
<Translation>4.7551203994980473e-05 0.018056835815404494 0.02770000000000003</Translation>
</Transform>
</Instance>
<Instance name="Drive Shaft-1" uid="Drive Shaft-1" entityUid="Drive Shaft*:*Default">
<Transform>
<Rotation>0 -0.64629068709047655 -0.76309131025069343 -1 -1.1210791898089132e-16 0 -1.1737301156499193e-16 0.76309131025069343 -0.64629068709047655</Rotation>
<Translation>4.7551203994994351e-05 0.025206835815404498 0.027700000000000002</Translation>
</Transform>
</Instance>
<Instance name="Magnet-1" uid="Magnet-1" entityUid="Magnet*:*Default">
<Transform>
<Rotation>0.79989062127861243 3.0996379302316138e-16 -0.60014581060815197 2.7909226274831128e-16 -1 -1.4449906680425508e-16 -0.60014581060815197 0 -0.79989062127861243</Rotation>
<Translation>0.0077444212250445399 0.012056835815461135 0.037958597217898238</Translation>
</Transform>
</Instance>
<Instance name="Motor Casing-1" uid="Motor Casing-1" grounded="true" entityUid="Motor Casing*:*Default">
<Transform>
<Rotation>1 0 0 0 1 0 0 0 1</Rotation>
<Translation>4.7551203994980473e-05 5.6835815404497267e-05 0.02770000000000003</Translation>
</Transform>
</Instance>
<Instance name="Rotor-1" uid="Rotor-1" entityUid="Rotor*:*Default">
<Transform>
<Rotation>-0.76309131025069377 0 0.64629068709047577 0 1 1.1215014097988624e-16 -0.64629068709047577 1.1737357197837312e-16 -0.76309131025069377</Rotation>
<Translation>4.7551203994980473e-05 0.014556835815461123 0.02770000000000003</Translation>
</Transform>
</Instance>
<Instance name="e-ring external retaining ring_wti-4" uid="e-ring external retaining ring_wti-4" grounded="true" entityUid="e-ring external retaining ring_wti*:*Truarc X5133-14 - S0.14">
<Transform>
<Rotation>0.99427481564797382 -0.1068531280224765 0 0 1.1296780940021361e-16 1 -0.1068531280224765 -0.99427481564797382 1.1737359874827805e-16</Rotation>
<Translation>4.7551203994980473e-05 3.5529958113790852e-05 0.02770000000000003</Translation>
</Transform>
</Instance>
<Instance name="Rotor Cover-1" uid="Rotor Cover-1" entityUid="Rotor Cover*:*Default">
<Transform>
<Rotation>0.29122758404957244 0 0.95665380064506567 1.2246213723631898e-16 1 0 -0.95665380064506567 1.1737344309191258e-16 0.29122758404957244</Rotation>
<Translation>4.7551204006346381e-05 0.0050568358154044887 0.027699999999990732</Translation>
</Transform>
</Instance>
<Instance name="Stopper Screw-1" uid="Stopper Screw-1" entityUid="Stopper Screw*:*Default">
<Transform>
<Rotation>-0.64629068709047632 8.2776438606909973e-13 -0.76309131025069332 0 1 1.0847514248290412e-12 0.76309131025069332 7.0106474367513435e-13 -0.64629068709047632</Rotation>
<Translation>-0.0005987394830954812 0.021842577594212199 0.028463091310250682</Translation>
</Transform>
</Instance>
<Instance name="Nut-2" uid="Nut-2" entityUid="Nut*:*Default">
<Transform>
<Rotation>-0.76309131025069388 1.6174485935210226e-15 0.64629068709047588 4.8169658948791473e-16 1 -1.9339132326541266e-15 -0.64629068709047588 -1.1644363628279093e-15 -0.76309131025069388</Rotation>
<Translation>9.827745155308043e-05 0.041556835815461171 0.027739606347730178</Translation>
</Transform>
</Instance>
<Instance name="instrument ball bearing_68_iso-1" uid="instrument ball bearing_68_iso-1" entityUid="instrument ball bearing_68_iso*:*ISO 1224 - 390308 - R,8,DE,NC,8_68">
<Transform>
<Rotation>0 0.99979054495658415 0.020466221327271439 -1 0 0 0 -0.020466221327271439 0.99979054495658415</Rotation>
<Translation>4.7551203994980473e-05 0.002056835815404499 0.02770000000000003</Translation>
</Transform>
</Instance>
</Instance>
<Instance name="Assembly-4" uid="Assembly-4" entityUid="Assembly" rigid="true">
<Transform>
<Rotation>0.84496932474819864 -3.8311963663453983e-16 -0.53481477189263738 3.0206593857153707e-16 1 -2.3911677689409346e-16 0.53481477189263738 0 0.84496932474819864</Rotation>
<Translation>-0.21447707278578995 -0.0064568358154045002 -0.023568847953832805</Translation>
</Transform>
<Instance name="Magnet-7" uid="Magnet-7" entityUid="Magnet*:*Default">
<Transform>
<Rotation>-0.46028303917675678 -2.4124446719358684e-16 0.88777222520543442 0 -1 -2.4041770945786568e-16 0.88777222520543442 0 0.46028303917675678</Rotation>
<Translation>-0.011338127584264723 0.012056835815461135 0.021796870022558118</Translation>
</Transform>
</Instance>
<Instance name="Magnet-9" uid="Magnet-9" entityUid="Magnet*:*Default">
<Transform>
<Rotation>-0.98107005582155826 -1.8443956803723612e-16 0.19365315791456769 1.2368898829622145e-16 -1 -3.2579900097876972e-16 0.19365315791456769 -2.9567888089402825e-16 0.98107005582155826</Rotation>
<Translation>-0.0024360505462593385 0.012056835815461136 0.015117776534088537</Translation>
</Transform>
</Instance>
<Instance name="Magnet-4" uid="Magnet-4" entityUid="Magnet*:*Default">
<Transform>
<Rotation>0.76309131025068511 0 0.6462906870904862 1.3150767744490612e-16 -1 -1.0526400126535072e-16 0.6462906870904862 1.6531823186134865e-16 -0.76309131025068511</Rotation>
<Translation>-0.0082411268579405117 0.012056835815461135 0.037486646053965081</Translation>
</Transform>
</Instance>
<Instance name="Magnet-6" uid="Magnet-6" entityUid="Magnet*:*Default">
<Transform>
<Rotation>-0.029510756164917204 -1.877089731228209e-16 0.99956446278895628 0 -1 -1.859500626228135e-16 0.99956446278895628 0 0.029510756164917204</Rotation>
<Translation>-0.012771863031273423 0.012056835815461136 0.027321524552184964</Translation>
</Transform>
</Instance>
<Instance name="Magnet-10" uid="Magnet-10" entityUid="Magnet*:*Default">
<Transform>
<Rotation>-0.9679365337744078 0 -0.25119487770411364 1.7636131695559196e-16 -1 -3.3980183374608447e-16 -0.25119487770411364 -3.7320766857076896e-16 0.9679365337744078</Rotation>
<Translation>0.0032691255105502248 0.012056835815461138 0.01528621395434325</Translation>
</Transform>
</Instance>
<Instance name="Magnet-12" uid="Magnet-12" entityUid="Magnet*:*Default">
<Transform>
<Rotation>-0.40710649403105059 1.5996067198132858e-16 -0.91338069966347879 2.7368156197741979e-16 -1 -2.9711402185187708e-16 -0.91338069966347879 -3.7093250432751204e-16 0.40710649403105059</Rotation>
<Translation>0.011761658677179099 0.012056835815461136 0.022478859214051808</Translation>
</Transform>
</Instance>
<Instance name="Magnet-2" uid="Magnet-2" entityUid="Magnet*:*Default">
<Transform>
<Rotation>0.98107005582155693 2.5432573103232213e-16 -0.19365315791457433 2.3771173586561407e-16 -1 -1.0902928351170386e-16 -0.19365315791457433 0 -0.98107005582155693</Rotation>
<Translation>0.0025311529542493827 0.012056835815461133 0.040282223465911496</Translation>
</Transform>
</Instance>
<Instance name="Magnet-5" uid="Magnet-5" entityUid="Magnet*:*Default">
<Transform>
<Rotation>0.4071064940310567 0 0.91338069966347613 0 -1 -1.3771426263859553e-16 0.91338069966347613 1.3618536037076618e-16 -0.4071064940310567</Rotation>
<Translation>-0.011666556269189138 0.012056835815461131 0.032921140785948336</Translation>
</Transform>
</Instance>
<Instance name="Magnet-11" uid="Magnet-11" entityUid="Magnet*:*Default">
<Transform>
<Rotation>-0.76309131025068078 0 -0.6462906870904912 2.2989304671692935e-16 -1 -3.2956428322512212e-16 -0.6462906870904912 -4.000653758180956e-16 0.76309131025068078</Rotation>
<Translation>0.0083362292659305282 0.012056835815461138 0.017913353946035049</Translation>
</Transform>
</Instance>
<Instance name="Magnet-13" uid="Magnet-13" entityUid="Magnet*:*Default">
<Transform>
<Rotation>0.029510756164924698 2.5759513611790812e-16 -0.99956446278895605 2.9905401025882582e-16 -1 -2.4887822186765885e-16 -0.99956446278895605 -2.9157917658894971e-16 -0.029510756164924698</Rotation>
<Translation>0.012866965439263356 0.012056835815461135 0.028078475447815193</Translation>
</Transform>
</Instance>
<Instance name="Magnet-8" uid="Magnet-8" entityUid="Magnet*:*Default">
<Transform>
<Rotation>-0.79989062127861643 -2.4007763002807579e-16 0.60014581060814631 0 -1 -2.9032921768621867e-16 0.60014581060814631 -1.8283454001543517e-16 0.79989062127861643</Rotation>
<Translation>-0.0076493188170545234 0.012056835815461138 0.017441402782101781</Translation>
</Transform>
</Instance>
<Instance name="Magnet-14" uid="Magnet-14" entityUid="Magnet*:*Default">
<Transform>
<Rotation>0.46028303917676283 3.1113063018867268e-16 -0.88777222520543098 3.0098506700635765e-16 -1 -1.9441057503260678e-16 -0.88777222520543098 -1.7772229236572958e-16 -0.46028303917676283</Rotation>
<Translation>0.011433229992254629 0.012056835815461135 0.033603129977442012</Translation>
</Transform>
</Instance>
<Instance name="Magnet-3" uid="Magnet-3" entityUid="Magnet*:*Default">
<Transform>
<Rotation>0.96793653377440947 1.5523624474949095e-16 0.25119487770410709 1.8503940720624371e-16 -1 0 0.25119487770410709 1.3846052461402122e-16 -0.96793653377440947</Rotation>
<Translation>-0.0031740231025602084 0.012056835815461131 0.040113786045656838</Translation>
</Transform>
</Instance>
<Instance name="Electrical Windings-1" visible="false" uid="Electrical Windings-1" entityUid="Electrical Windings*:*Default">
<Transform>
<Rotation>0.99999969197709659 0 -0.0007848857954551588 0 -1 1.1734613607305545e-16 -0.0007848857954551588 -1.1737359874828833e-16 -0.99999969197709659</Rotation>
<Translation>4.7551203994966595e-05 0.018056835815404494 0.02770000000000003</Translation>
</Transform>
</Instance>
<Instance name="Drive Shaft-1" uid="Drive Shaft-1" entityUid="Drive Shaft*:*Default">
<Transform>
<Rotation>0 -0.64629068709047655 -0.76309131025069354 -1 -1.1210791898089127e-16 0 -1.1737301156499198e-16 0.76309131025069354 -0.64629068709047655</Rotation>
<Translation>4.7551203994994351e-05 0.025206835815404494 0.027700000000000002</Translation>
</Transform>
</Instance>
<Instance name="Magnet-1" uid="Magnet-1" entityUid="Magnet*:*Default">
<Transform>
<Rotation>0.79989062127861232 3.0996379302316128e-16 -0.60014581060815175 2.7909226274831074e-16 -1 -1.444990668042553e-16 -0.60014581060815175 0 -0.79989062127861232</Rotation>
<Translation>0.0077444212250445121 0.012056835815461135 0.037958597217898252</Translation>
</Transform>
</Instance>
<Instance name="Motor Casing-1" uid="Motor Casing-1" grounded="true" entityUid="Motor Casing*:*Default">
<Transform>
<Rotation>1 0 0 0 1 0 0 0 1</Rotation>
<Translation>4.7551203994994351e-05 5.68358154044964e-05 0.027700000000000016</Translation>
</Transform>
</Instance>
<Instance name="Rotor-1" uid="Rotor-1" entityUid="Rotor*:*Default">
<Transform>
<Rotation>-0.76309131025069366 0 0.64629068709047599 0 1 1.1215014097988659e-16 -0.64629068709047599 1.1737357197837349e-16 -0.76309131025069366</Rotation>
<Translation>4.7551203994966595e-05 0.014556835815461123 0.02770000000000003</Translation>
</Transform>
</Instance>
<Instance name="e-ring external retaining ring_wti-4" uid="e-ring external retaining ring_wti-4" grounded="true" entityUid="e-ring external retaining ring_wti*:*Truarc X5133-14 - S0.14">
<Transform>
<Rotation>0.99427481564797393 -0.10685312802247637 0 0 1.1296780940021356e-16 0.99999999999999978 -0.10685312802247637 -0.99427481564797393 1.1737359874827803e-16</Rotation>
<Translation>4.7551203994994351e-05 3.5529958113790852e-05 0.027700000000000016</Translation>
</Transform>
</Instance>
<Instance name="Rotor Cover-1" uid="Rotor Cover-1" entityUid="Rotor Cover*:*Default">
<Transform>
<Rotation>0.29122758404957244 0 0.95665380064506567 1.2246213723631879e-16 1 0 -0.95665380064506567 1.1737344309191231e-16 0.29122758404957244</Rotation>
<Translation>4.7551204006318626e-05 0.0050568358154044878 0.027699999999990732</Translation>
</Transform>
</Instance>
<Instance name="Stopper Screw-1" uid="Stopper Screw-1" entityUid="Stopper Screw*:*Default">
<Transform>
<Rotation>-0.64629068709047643 8.2776438606909963e-13 -0.76309131025069332 0 1 1.0847514248290414e-12 0.76309131025069332 7.0106474367513446e-13 -0.64629068709047643</Rotation>
<Translation>-0.00059873948309549507 0.021842577594212199 0.02846309131025071</Translation>
</Transform>
</Instance>
<Instance name="Nut-2" uid="Nut-2" entityUid="Nut*:*Default">
<Transform>
<Rotation>-0.76309131025069388 1.6174485935210226e-15 0.64629068709047577 4.8169658948791473e-16 1 -1.9339132326541274e-15 -0.64629068709047577 -1.1644363628279097e-15 -0.76309131025069388</Rotation>
<Translation>9.827745155308043e-05 0.041556835815461171 0.027739606347730178</Translation>
</Transform>
</Instance>
<Instance name="instrument ball bearing_68_iso-1" uid="instrument ball bearing_68_iso-1" entityUid="instrument ball bearing_68_iso*:*ISO 1224 - 390308 - R,8,DE,NC,8_68">
<Transform>
<Rotation>0 0.99979054495658426 0.020466221327271383 -1 0 0 0 -0.020466221327271383 0.99979054495658426</Rotation>
<Translation>4.7551203994994351e-05 0.0020568358154044982 0.027700000000000016</Translation>
</Transform>
</Instance>
</Instance>
<Instance name="Assembly-2" uid="Assembly-2" entityUid="Assembly" rigid="true">
<Transform>
<Rotation>-0.75831937977262154 0 -0.65188320906529484 -1.3795435773772388e-16 1 1.835977267456669e-16 0.65188320906529484 2.2915584370004649e-16 -0.75831937977262154</Rotation>
<Translation>0.2478419612321616 -0.0064568358154045115 0.020776062168953308</Translation>
</Transform>
<Instance name="Magnet-7" uid="Magnet-7" entityUid="Magnet*:*Default">
<Transform>
<Rotation>-0.46028303917675661 -2.4124446719358694e-16 0.8877722252054342 0 -1 -2.4041770945786578e-16 0.8877722252054342 0 0.46028303917675661</Rotation>
<Translation>-0.011338127584264696 0.012056835815461135 0.021796870022558118</Translation>
</Transform>
</Instance>
<Instance name="Magnet-9" uid="Magnet-9" entityUid="Magnet*:*Default">
<Transform>
<Rotation>-0.98107005582155848 -1.844395680372359e-16 0.19365315791456772 1.236889882962212e-16 -1 -3.2579900097876943e-16 0.19365315791456772 -2.956788808940282e-16 0.98107005582155848</Rotation>
<Translation>-0.0024360505462593662 0.012056835815461138 0.015117776534088551</Translation>
</Transform>
</Instance>
<Instance name="Magnet-4" uid="Magnet-4" entityUid="Magnet*:*Default">
<Transform>
<Rotation>0.76309131025068511 0 0.64629068709048632 1.3150767744490639e-16 -1 -1.0526400126535072e-16 0.64629068709048632 1.6531823186134888e-16 -0.76309131025068511</Rotation>
<Translation>-0.0082411268579405117 0.012056835815461136 0.037486646053965067</Translation>
</Transform>
</Instance>
<Instance name="Magnet-6" uid="Magnet-6" entityUid="Magnet*:*Default">
<Transform>
<Rotation>-0.029510756164917263 -1.877089731228212e-16 0.99956446278895628 0 -1 -1.8595006262281379e-16 0.99956446278895628 0 0.029510756164917263</Rotation>
<Translation>-0.012771863031273423 0.012056835815461138 0.027321524552184978</Translation>
</Transform>
</Instance>
<Instance name="Magnet-10" uid="Magnet-10" entityUid="Magnet*:*Default">
<Transform>
<Rotation>-0.9679365337744078 0 -0.25119487770411358 1.7636131695559169e-16 -1 -3.3980183374608423e-16 -0.25119487770411358 -3.7320766857076866e-16 0.9679365337744078</Rotation>
<Translation>0.0032691255105502526 0.012056835815461138 0.015286213954343236</Translation>
</Transform>
</Instance>
<Instance name="Magnet-12" uid="Magnet-12" entityUid="Magnet*:*Default">
<Transform>
<Rotation>-0.4071064940310507 1.5996067198132826e-16 -0.91338069966347879 2.7368156197741974e-16 -1 -2.9711402185187674e-16 -0.91338069966347879 -3.7093250432751189e-16 0.4071064940310507</Rotation>
<Translation>0.011761658677179099 0.012056835815461136 0.022478859214051822</Translation>
</Transform>
</Instance>
<Instance name="Magnet-2" uid="Magnet-2" entityUid="Magnet*:*Default">
<Transform>
<Rotation>0.98107005582155704 2.5432573103232238e-16 -0.19365315791457438 2.3771173586561456e-16 -1 -1.0902928351170378e-16 -0.19365315791457438 0 -0.98107005582155704</Rotation>
<Translation>0.0025311529542494104 0.012056835815461135 0.04028222346591151</Translation>
</Transform>
</Instance>
<Instance name="Magnet-5" uid="Magnet-5" entityUid="Magnet*:*Default">
<Transform>
<Rotation>0.40710649403105681 0 0.91338069966347635 0 -1 -1.3771426263859561e-16 0.91338069966347635 1.3618536037076625e-16 -0.40710649403105681</Rotation>
<Translation>-0.01166655626918911 0.012056835815461133 0.03292114078594835</Translation>
</Transform>
</Instance>
<Instance name="Magnet-11" uid="Magnet-11" entityUid="Magnet*:*Default">
<Transform>
<Rotation>-0.76309131025068078 0 -0.6462906870904912 2.298930467169292e-16 -1 -3.2956428322512182e-16 -0.6462906870904912 -4.0006537581809526e-16 0.76309131025068078</Rotation>
<Translation>0.0083362292659305282 0.012056835815461138 0.017913353946035049</Translation>
</Transform>
</Instance>
<Instance name="Magnet-13" uid="Magnet-13" entityUid="Magnet*:*Default">
<Transform>
<Rotation>0.029510756164924757 2.5759513611790778e-16 -0.99956446278895605 2.9905401025882592e-16 -1 -2.4887822186765845e-16 -0.99956446278895605 -2.9157917658894976e-16 -0.029510756164924757</Rotation>
<Translation>0.012866965439263356 0.012056835815461135 0.028078475447815193</Translation>
</Transform>
</Instance>
<Instance name="Magnet-8" uid="Magnet-8" entityUid="Magnet*:*Default">
<Transform>
<Rotation>-0.79989062127861665 -2.4007763002807569e-16 0.60014581060814642 0 -1 -2.9032921768621847e-16 0.60014581060814642 -1.8283454001543535e-16 0.79989062127861665</Rotation>
<Translation>-0.0076493188170544957 0.012056835815461138 0.017441402782101767</Translation>
</Transform>
</Instance>
<Instance name="Magnet-14" uid="Magnet-14" entityUid="Magnet*:*Default">
<Transform>
<Rotation>0.46028303917676294 3.1113063018867248e-16 -0.88777222520543131 3.0098506700635795e-16 -1 -1.9441057503260651e-16 -0.88777222520543131 -1.7772229236572995e-16 -0.46028303917676294</Rotation>
<Translation>0.011433229992254657 0.012056835815461138 0.033603129977441998</Translation>
</Transform>
</Instance>
<Instance name="Magnet-3" uid="Magnet-3" entityUid="Magnet*:*Default">
<Transform>
<Rotation>0.9679365337744098 1.5523624474949108e-16 0.2511948777041072 1.8503940720624405e-16 -1 0 0.2511948777041072 1.3846052461402139e-16 -0.9679365337744098</Rotation>
<Translation>-0.0031740231025601806 0.012056835815461135 0.040113786045656824</Translation>
</Transform>
</Instance>
<Instance name="Electrical Windings-1" visible="false" uid="Electrical Windings-1" entityUid="Electrical Windings*:*Default">
<Transform>
<Rotation>0.99999969197709682 0 -0.00078488579545515913 0 -1 1.173461360730553e-16 -0.00078488579545515913 -1.1737359874828824e-16 -0.99999969197709682</Rotation>
<Translation>4.7551203994994351e-05 0.018056835815404494 0.02770000000000003</Translation>
</Transform>
</Instance>
<Instance name="Drive Shaft-1" uid="Drive Shaft-1" entityUid="Drive Shaft*:*Default">
<Transform>
<Rotation>0 -0.64629068709047643 -0.76309131025069332 -1 -1.1210791898089125e-16 0 -1.1737301156499193e-16 0.76309131025069332 -0.64629068709047643</Rotation>
<Translation>4.7551203994994351e-05 0.025206835815404498 0.02770000000000003</Translation>
</Transform>
</Instance>
<Instance name="Magnet-1" uid="Magnet-1" entityUid="Magnet*:*Default">
<Transform>
<Rotation>0.79989062127861232 3.0996379302316138e-16 -0.60014581060815186 2.7909226274831118e-16 -1 -1.4449906680425508e-16 -0.60014581060815186 0 -0.79989062127861232</Rotation>
<Translation>0.0077444212250445121 0.012056835815461135 0.037958597217898238</Translation>
</Transform>
</Instance>
<Instance name="Motor Casing-1" uid="Motor Casing-1" grounded="true" entityUid="Motor Casing*:*Default">
<Transform>
<Rotation>1 0 0 0 1 0 0 0 1</Rotation>
<Translation>4.7551203994994351e-05 5.6835815404498134e-05 0.02770000000000003</Translation>
</Transform>
</Instance>
<Instance name="Rotor-1" uid="Rotor-1" entityUid="Rotor*:*Default">
<Transform>
<Rotation>-0.76309131025069377 0 0.64629068709047588 0 1 1.1215014097988627e-16 -0.64629068709047588 1.1737357197837314e-16 -0.76309131025069377</Rotation>
<Translation>4.7551203994994351e-05 0.014556835815461125 0.02770000000000003</Translation>
</Transform>
</Instance>
<Instance name="e-ring external retaining ring_wti-4" uid="e-ring external retaining ring_wti-4" grounded="true" entityUid="e-ring external retaining ring_wti*:*Truarc X5133-14 - S0.14">
<Transform>
<Rotation>0.99427481564797382 -0.10685312802247633 0 0 1.1296780940021356e-16 1 -0.10685312802247633 -0.99427481564797382 1.1737359874827801e-16</Rotation>
<Translation>4.7551203994994351e-05 3.5529958113791719e-05 0.02770000000000003</Translation>
</Transform>
</Instance>
<Instance name="Rotor Cover-1" uid="Rotor Cover-1" entityUid="Rotor Cover*:*Default">
<Transform>
<Rotation>0.2912275840495725 0 0.95665380064506567 1.2246213723631893e-16 1 0 -0.95665380064506567 1.173734430919125e-16 0.2912275840495725</Rotation>
<Translation>4.7551204006346381e-05 0.0050568358154044896 0.027699999999990732</Translation>
</Transform>
</Instance>
<Instance name="Stopper Screw-1" uid="Stopper Screw-1" entityUid="Stopper Screw*:*Default">
<Transform>
<Rotation>-0.64629068709047655 8.2776438606909973e-13 -0.76309131025069354 0 1 1.0847514248290406e-12 0.76309131025069354 7.0106474367513415e-13 -0.64629068709047655</Rotation>
<Translation>-0.00059873948309549507 0.021842577594212202 0.028463091310250682</Translation>
</Transform>
</Instance>
<Instance name="Nut-2" uid="Nut-2" entityUid="Nut*:*Default">
<Transform>
<Rotation>-0.76309131025069399 1.6174485935210228e-15 0.64629068709047599 4.8169658948791483e-16 1 -1.9339132326541266e-15 -0.64629068709047599 -1.1644363628279093e-15 -0.76309131025069399</Rotation>
<Translation>9.827745155308043e-05 0.041556835815461171 0.02773960634773015</Translation>
</Transform>
</Instance>
<Instance name="instrument ball bearing_68_iso-1" uid="instrument ball bearing_68_iso-1" entityUid="instrument ball bearing_68_iso*:*ISO 1224 - 390308 - R,8,DE,NC,8_68">
<Transform>
<Rotation>0 0.99979054495658404 0.020466221327271383 -1 0 0 0 -0.020466221327271383 0.99979054495658404</Rotation>
<Translation>4.7551203994994351e-05 0.0020568358154044999 0.02770000000000003</Translation>
</Transform>
</Instance>
</Instance>
<Instance name="Driver-1" uid="Driver-1" entityUid="Driver*:*Predeterminado">
<Transform>
<Rotation>3.4914813388432063e-15 -6.9829626776862423e-15 1 6.9829626776862667e-15 -1 -6.9829626776862667e-15 1 6.9829626776862912e-15 -3.4914813388431578e-15</Rotation>
<Translation>0.18774873734152919 -0.0084000000000013317 0.00064085080902455144</Translation>
</Transform>
</Instance>
<Instance name="Assembly-3" uid="Assembly-3" entityUid="Assembly" rigid="true">
<Transform>
<Rotation>0.93576971862549108 0 -0.35261173222621106 0 1 0 0.35261173222621106 0 0.93576971862549108</Rotation>
<Translation>0.010001895471042214 -0.0064568358154045036 0.2033943349860331</Translation>
</Transform>
<Instance name="Magnet-7" uid="Magnet-7" entityUid="Magnet*:*Default">
<Transform>
<Rotation>-0.46028303917675661 -2.4124446719358674e-16 0.88777222520543431 0 -1 -2.4041770945786559e-16 0.88777222520543431 0 0.46028303917675661</Rotation>
<Translation>-0.011338127584264709 0.012056835815461135 0.02179687002255809</Translation>
</Transform>
</Instance>
<Instance name="Magnet-9" uid="Magnet-9" entityUid="Magnet*:*Default">
<Transform>
<Rotation>-0.98107005582155815 -1.8443956803723587e-16 0.19365315791456761 1.2368898829622125e-16 -1 -3.2579900097876953e-16 0.19365315791456761 -2.956788808940281e-16 0.98107005582155815</Rotation>
<Translation>-0.0024360505462593385 0.012056835815461136 0.015117776534088495</Translation>
</Transform>
</Instance>
<Instance name="Magnet-4" uid="Magnet-4" entityUid="Magnet*:*Default">
<Transform>
<Rotation>0.76309131025068511 0 0.6462906870904862 1.3150767744490636e-16 -1 -1.0526400126535087e-16 0.6462906870904862 1.6531823186134892e-16 -0.76309131025068511</Rotation>
<Translation>-0.0082411268579405117 0.012056835815461135 0.037486646053965011</Translation>
</Transform>
</Instance>
<Instance name="Magnet-6" uid="Magnet-6" entityUid="Magnet*:*Default">
<Transform>
<Rotation>-0.029510756164917162 -1.8770897312282108e-16 0.99956446278895605 0 -1 -1.8595006262281357e-16 0.99956446278895605 0 0.029510756164917162</Rotation>
<Translation>-0.012771863031273381 0.012056835815461135 0.02732152455218495</Translation>
</Transform>
</Instance>
<Instance name="Magnet-10" uid="Magnet-10" entityUid="Magnet*:*Default">
<Transform>
<Rotation>-0.9679365337744078 0 -0.25119487770411358 1.7636131695559183e-16 -1 -3.3980183374608418e-16 -0.25119487770411358 -3.7320766857076866e-16 0.9679365337744078</Rotation>
<Translation>0.0032691255105502387 0.012056835815461136 0.015286213954343209</Translation>
</Transform>
</Instance>
<Instance name="Magnet-12" uid="Magnet-12" entityUid="Magnet*:*Default">
<Transform>
<Rotation>-0.40710649403105059 1.5996067198132819e-16 -0.91338069966347868 2.7368156197741984e-16 -1 -2.9711402185187659e-16 -0.91338069966347868 -3.7093250432751189e-16 0.40710649403105059</Rotation>
<Translation>0.011761658677179113 0.012056835815461138 0.022478859214051766</Translation>
</Transform>
</Instance>
<Instance name="Magnet-2" uid="Magnet-2" entityUid="Magnet*:*Default">
<Transform>
<Rotation>0.98107005582155693 2.5432573103232252e-16 -0.19365315791457433 2.3771173586561451e-16 -1 -1.0902928351170381e-16 -0.19365315791457433 0 -0.98107005582155693</Rotation>
<Translation>0.0025311529542493966 0.012056835815461135 0.040282223465911482</Translation>
</Transform>
</Instance>
<Instance name="Magnet-5" uid="Magnet-5" entityUid="Magnet*:*Default">
<Transform>
<Rotation>0.40710649403105664 0 0.91338069966347613 0 -1 -1.3771426263859566e-16 0.91338069966347613 1.3618536037076632e-16 -0.40710649403105664</Rotation>
<Translation>-0.01166655626918911 0.012056835815461131 0.032921140785948294</Translation>
</Transform>
</Instance>
<Instance name="Magnet-11" uid="Magnet-11" entityUid="Magnet*:*Default">
<Transform>
<Rotation>-0.76309131025068067 0 -0.64629068709049109 2.2989304671692935e-16 -1 -3.2956428322512173e-16 -0.64629068709049109 -4.0006537581809526e-16 0.76309131025068067</Rotation>
<Translation>0.008336229265930542 0.012056835815461138 0.017913353946034993</Translation>
</Transform>
</Instance>
<Instance name="Magnet-13" uid="Magnet-13" entityUid="Magnet*:*Default">
<Transform>
<Rotation>0.029510756164924712 2.5759513611790773e-16 -0.99956446278895583 2.9905401025882602e-16 -1 -2.488782218676584e-16 -0.99956446278895583 -2.9157917658894981e-16 -0.029510756164924712</Rotation>
<Translation>0.012866965439263342 0.012056835815461135 0.028078475447815165</Translation>
</Transform>
</Instance>
<Instance name="Magnet-8" uid="Magnet-8" entityUid="Magnet*:*Default">
<Transform>
<Rotation>-0.79989062127861632 -2.4007763002807549e-16 0.6001458106081462 0 -1 -2.9032921768621857e-16 0.6001458106081462 -1.8283454001543525e-16 0.79989062127861632</Rotation>
<Translation>-0.0076493188170544957 0.012056835815461136 0.017441402782101739</Translation>
</Transform>
</Instance>
<Instance name="Magnet-14" uid="Magnet-14" entityUid="Magnet*:*Default">
<Transform>
<Rotation>0.46028303917676272 3.1113063018867248e-16 -0.88777222520543086 3.0098506700635795e-16 -1 -1.9441057503260646e-16 -0.88777222520543086 -1.7772229236572987e-16 -0.46028303917676272</Rotation>
<Translation>0.011433229992254629 0.012056835815461136 0.033603129977441998</Translation>
</Transform>
</Instance>
<Instance name="Magnet-3" uid="Magnet-3" entityUid="Magnet*:*Default">
<Transform>
<Rotation>0.96793653377440936 1.5523624474949108e-16 0.25119487770410703 1.8503940720624398e-16 -1 0 0.25119487770410703 1.3846052461402132e-16 -0.96793653377440936</Rotation>
<Translation>-0.0031740231025601945 0.012056835815461135 0.040113786045656796</Translation>
</Transform>
</Instance>
<Instance name="Electrical Windings-1" visible="false" uid="Electrical Windings-1" entityUid="Electrical Windings*:*Default">
<Transform>
<Rotation>0.99999969197709648 0 -0.00078488579545515913 0 -1 1.1734613607305532e-16 -0.00078488579545515913 -1.1737359874828819e-16 -0.99999969197709648</Rotation>
<Translation>4.7551203994994351e-05 0.018056835815404494 0.027700000000000002</Translation>
</Transform>
</Instance>
<Instance name="Drive Shaft-1" uid="Drive Shaft-1" entityUid="Drive Shaft*:*Default">
<Transform>
<Rotation>0 -0.64629068709047655 -0.76309131025069332 -1 -1.1210791898089132e-16 0 -1.1737301156499189e-16 0.76309131025069332 -0.64629068709047655</Rotation>
<Translation>4.7551203994980473e-05 0.025206835815404498 0.027699999999999947</Translation>
</Transform>
</Instance>
<Instance name="Magnet-1" uid="Magnet-1" entityUid="Magnet*:*Default">
<Transform>
<Rotation>0.79989062127861221 3.0996379302316133e-16 -0.60014581060815164 2.7909226274831113e-16 -1 -1.44499066804255e-16 -0.60014581060815164 0 -0.79989062127861221</Rotation>
<Translation>0.007744421225044526 0.012056835815461135 0.037958597217898182</Translation>
</Transform>
</Instance>
<Instance name="Motor Casing-1" uid="Motor Casing-1" grounded="true" entityUid="Motor Casing*:*Default">
<Transform>
<Rotation>1 0 0 0 1 0 0 0 1</Rotation>
<Translation>4.7551203994994351e-05 5.6835815404497267e-05 0.027699999999999975</Translation>
</Transform>
</Instance>
<Instance name="Rotor-1" uid="Rotor-1" entityUid="Rotor*:*Default">
<Transform>
<Rotation>-0.76309131025069366 0 0.64629068709047599 0 1 1.1215014097988634e-16 -0.64629068709047599 1.1737357197837324e-16 -0.76309131025069366</Rotation>
<Translation>4.7551203994994351e-05 0.014556835815461123 0.027700000000000002</Translation>
</Transform>
</Instance>
<Instance name="e-ring external retaining ring_wti-4" uid="e-ring external retaining ring_wti-4" grounded="true" entityUid="e-ring external retaining ring_wti*:*Truarc X5133-14 - S0.14">
<Transform>
<Rotation>0.99427481564797382 -0.10685312802247643 0 0 1.1296780940021364e-16 1 -0.10685312802247643 -0.99427481564797382 1.1737359874827815e-16</Rotation>
<Translation>4.7551203994994351e-05 3.5529958113790852e-05 0.027699999999999947</Translation>
</Transform>
</Instance>
<Instance name="Rotor Cover-1" uid="Rotor Cover-1" entityUid="Rotor Cover*:*Default">
<Transform>
<Rotation>0.2912275840495725 0 0.95665380064506556 1.2246213723631896e-16 1 0 -0.95665380064506556 1.173734430919125e-16 0.2912275840495725</Rotation>
<Translation>4.7551204006346381e-05 0.0050568358154044887 0.027699999999990704</Translation>
</Transform>
</Instance>
<Instance name="Stopper Screw-1" uid="Stopper Screw-1" entityUid="Stopper Screw*:*Default">
<Transform>
<Rotation>-0.64629068709047632 8.2776438606909952e-13 -0.76309131025069321 0 1 1.0847514248290406e-12 0.76309131025069321 7.0106474367513395e-13 -0.64629068709047632</Rotation>
<Translation>-0.0005987394830954812 0.021842577594212199 0.028463091310250654</Translation>
</Transform>
</Instance>
<Instance name="Nut-2" uid="Nut-2" entityUid="Nut*:*Default">
<Transform>
<Rotation>-0.76309131025069388 1.6174485935210224e-15 0.64629068709047588 4.8169658948791503e-16 1 -1.9339132326541274e-15 -0.64629068709047588 -1.1644363628279091e-15 -0.76309131025069388</Rotation>
<Translation>9.8277451553094308e-05 0.041556835815461178 0.027739606347730122</Translation>
</Transform>
</Instance>
<Instance name="instrument ball bearing_68_iso-1" uid="instrument ball bearing_68_iso-1" entityUid="instrument ball bearing_68_iso*:*ISO 1224 - 390308 - R,8,DE,NC,8_68">
<Transform>
<Rotation>0 0.99979054495658404 0.020466221327271439 -1 0 0 0 -0.020466221327271439 0.99979054495658404</Rotation>
<Translation>4.7551203994994351e-05 0.002056835815404499 0.027699999999999975</Translation>
</Transform>
</Instance>
</Instance>
<Instance name="Driver-2" uid="Driver-2" grounded="true" entityUid="Driver*:*Predeterminado">
<Transform>
<Rotation>1 0 0 0 1 0 0 0 1</Rotation>
<Translation>0.00020029700714302971 -0.018400000000000007 0.18733192330436477</Translation>
</Transform>
</Instance>
<Instance name="Carcasa Cohete-1" uid="Carcasa Cohete-1" entityUid="Carcasa Cohete*:*Predeterminado">
<Transform>
<Rotation>-0.66600909624399263 0 0.74594361966589684 0 1 0 -0.74594361966589684 0 -0.66600909624399263</Rotation>
